104795
104842
104846
104858
104881
104947
104951
104955
104991
104996
105129
105135
105151
105161
105182
105204
105261
105273
105284
105288
105290
105301
105306
105318
107213
107242
107268
107280
107284
107287
107295
107297
107300
107305
107316
107328
107334
107344
107354
107367
107384
107388
107389
107397
107402
107417
107419
107421
107433
107435
109021
109032
109037
109044
109060
109075
109076
109083
109089
109093
109095
109096
109123
109138
109141
109167
109171
109172
114984
114992
115008
115011
115019
115028
115037
115062
115065
115079
115088
115092
115093
115097
115099
115101
115132
115152
115153
115186
115197
115207
